976 906 1
1087211 182 320
3177829 186 618
1413865 167 571
893911 273 556
1504234 342 945
4344097 378 450
4835945 803 906
2058216 587 967
1279075 616 887
4093075 424 811
2224253 67 69
943334 233 532
2234952 608 759
1938492 111 464
4496074 706 845
502126 306 353
185680 379 527
435561 130 568
1308622 1 503
121829 108 491
423941 106 323
2225281 223 493
1665289 413 431
1626633 124 860
4771690 34 228
257813 59 766
2446268 500 526
1189498 99 796
1092193 3 819
4600680 579 943
220720 559 957
1582462 28 741
4842274 41 800
52697 178 587
2403910 492 731
429095 691 725
397370 202 475
3311270 127 599
3421977 862 975
4322086 295 718
1575704 479 900
321680 87 425
4596888 195 358
3236680 559 785
3405336 488 558
1879566 694 831
497079 68 931
497459 581 952
4857676 45 926
4437102 742 823
4988582 541 675
4707067 527 698
1954988 376 492
4139239 284 615
2267183 96 837
1486708 305 758
1481716 696 757
783466 703 781
3916526 42 725
4727787 361 898
2310044 534 912
1267898 314 368
3157149 420 902
101449 748 858
1725352 276 512
3981027 243 935
4257914 301 756
2147232 462 588
3044264 716 869
2145374 365 399
970686 167 742
2085146 151 697
2025287 3 923
4705443 123 785
2411245 171 205
3367675 79 612
2988283 76 549
2537473 727 914
3940265 349 854
580686 221 245
328305 661 857
4913697 557 935
3607985 37 186
2618893 346 739
3370911 88 321
4123259 540 568
2439134 414 859
1650791 207 458
792706 189 260
2921363 16 899
3246983 38 41
4931223 140 143
154895 262 443
2800199 27 846
4753397 116 440
1676297 61 325
898646 531 743
626118 243 794
4872563 418 433
744359 495 760
3930937 484 541
3512112 521 636
3905934 426 966
3755333 488 533
1708922 160 701
3989256 373 402
2507554 663 682
1103529 449 802
1237760 307 948
3569360 45 969
51012 12 345
1643842 5 834
4964584 395 840
752197 332 773
801402 106 297
1762274 842 936
2379148 378 925
3210702 594 850
1774309 422 434
921609 79 438
3318395 617 856
839593 706 955
4378450 319 595
1910683 79 579
1208892 953 973
2975399 507 690
1165087 783 803
4013220 595 804
3766810 758 812
249317 58 228
3568228 325 534
2071726 135 278
720148 650 916
2692934 326 555
1525071 592 775
4232295 528 963
445881 759 964
4917799 351 481
1016098 243 765
216170 196 815
2518182 645 663
4529140 51 821
2505337 722 816
299999 695 742
2688705 136 303
1634404 805 885
1702775 729 867
2571302 14 465
3102852 378 503
3018876 368 643
4716146 621 693
2874770 117 515
81940 104 836
3241250 624 833
3886395 243 504
4783702 606 750
3296719 51 711
3276197 516 757
4555300 298 489
1649573 8 205
2631665 446 606
1411787 593 941
4302302 570 762
1726906 267 825
4417912 609 636
3733951 687 726
4002141 518 901
1214320 659 927
935572 66 211
3034202 282 473
312924 422 443
2790721 347 422
1291359 76 573
3973758 548 873
3367789 351 924
2821979 336 741
3139361 277 473
4927603 212 754
2870273 552 916
2731348 498 661
4996978 23 351
2495177 345 661
500453 917 959
3713467 566 749
4140714 212 370
1539215 31 160
3368124 245 803
4239112 140 363
953950 228 695
237309 348 819
4802327 150 330
4934812 240 902
2056804 505 785
3227624 381 749
1364916 351 912
4038246 30 532
4832789 155 386
693422 828 896
4467306 453 548
1055449 276 609
3979585 247 490
48910 277 796
2801352 253 565
1670885 255 410
185091 447 631
3945773 526 666
3299367 265 346
763204 162 290
787475 651 826
1737645 85 937
211091 226 888
323449 32 469
1909596 28 635
1894136 26 96
4020260 367 837
3172079 4 150
2808698 268 873
2413036 21 406
2428856 401 470
2873123 306 461
812284 708 949
3717001 51 671
4242796 344 460
211475 729 895
3550918 69 101
2800946 38 696
4390210 149 784
884584 11 524
3984642 529 868
3522578 206 817
2743561 111 512
2920784 700 874
3837795 793 832
1081180 682 832
657671 592 800
4542946 466 934
1747611 436 493
2212182 202 232
3173841 115 962
4624061 396 976
4875606 590 888
3876646 120 297
972300 408 592
2100964 36 711
2752917 96 252
3151569 76 112
3015512 98 513
1951842 801 952
84223 216 905
66612 610 741
445417 225 347
3125614 451 935
730380 231 280
4364415 180 917
314812 859 975
2133832 339 442
3809480 780 926
565763 142 900
3009625 310 723
3893455 52 657
792793 563 701
1052555 273 613
397563 413 971
1693977 141 976
4180783 375 556
3882833 803 823
4322294 768 932
4395916 74 426
1929487 31 638
4631619 224 388
3054860 643 756
3571912 706 903
2115022 45 442
1829709 818 818
1372137 91 848
3791900 321 818
3210971 410 469
3976191 277 647
2530268 60 175
3283103 463 840
3828006 225 330
2060191 757 892
4021194 171 383
4385011 512 945
2071757 392 796
2288524 6 54
1718550 304 358
509857 9 795
4283207 177 607
2567046 75 184
3976999 39 593
3085200 306 501
2649779 519 772
1116714 474 637
1973686 177 631
1610037 77 765
1526945 67 782
4443493 713 815
248687 225 802
535409 441 798
4035106 353 479
4889094 597 600
1378658 391 555
3486087 151 588
3448239 346 724
4058882 520 654
720118 32 750
2343413 354 448
1860105 123 668
1050522 278 355
3255097 69 556
2378641 756 912
4065585 93 812
547940 789 907
3926084 608 947
2087721 63 499
2935882 426 853
1130648 200 726
2336620 45 969
3328130 726 864
623084 416 662
968541 199 837
784493 204 378
3516728 509 604
4245801 460 955
259547 76 466
2419665 57 260
3185688 178 594
3796461 462 491
2788150 448 686
1718879 291 846
2160864 636 779
2656476 40 760
3203653 487 525
1149467 752 821
2894506 17 108
2509186 342 857
787156 262 712
3522457 218 877
4731314 278 307
813317 461 833
708458 538 543
4696868 365 837
1368574 107 677
574030 61 604
554878 327 599
2405494 352 451
2832723 369 484
197339 571 745
1056448 268 854
1684012 594 962
4213550 290 856
314204 327 371
2614003 207 553
2885203 5 161
3654206 274 468
3626326 59 898
2446814 81 859
1662857 433 632
2507862 398 405
2024972 13 751
4450176 304 340
2253089 82 815
1372877 514 844
3173378 215 844
502981 118 362
277052 319 807
1703988 402 569
1345492 438 471
1881518 324 486
719758 415 452
2945338 343 779
561741 228 463
754099 253 799
2718945 204 526
1362281 213 903
3287992 518 848
3522873 67 457
4706488 53 683
4146574 681 750
522614 124 588
1170057 651 856
2167868 201 293
658630 156 751
3778884 290 694
2929876 440 757
1876735 41 875
311721 417 676
776735 464 829
2358940 78 182
4921303 335 943
2285234 336 485
3174918 363 749
4039003 184 871
3191882 553 793
3459961 391 905
2952557 647 808
2930336 232 245
995460 597 822
3456931 131 952
902289 684 779
3666821 191 333
1203027 7 818
1016493 4 509
2793136 815 976
611699 24 868
2593579 4 81
4254905 51 644
2334974 446 910
622183 167 738
996171 251 449
1170287 344 408
3002989 284 762
895793 13 585
781855 405 679
1067472 799 825
2926698 185 638
4846287 680 762
333269 206 621
1775128 277 881
4401791 454 917
2004974 271 550
886612 784 900
4034474 77 209
4550831 582 758
1469543 126 489
3365066 203 289
2114821 74 151
340490 491 771
889148 762 873
3423852 237 833
3010034 453 899
1067709 315 662
51906 276 832
4558999 239 685
4865167 443 864
3352813 262 628
713168 667 810
2547360 151 155
2657774 819 918
3430322 452 882
1357320 545 900
823217 608 759
3507201 12 366
2029996 164 958
3293414 86 251
1248000 41 903
1430767 544 585
1552544 415 570
3848737 75 258
3270803 462 757
4565528 181 970
412555 207 517
519706 418 508
3886333 782 916
2251491 305 523
4134535 96 125
495901 270 638
526575 16 784
485647 454 627
1930094 716 872
601015 88 495
745920 551 568
2441142 164 624
2735872 512 616
1637723 106 542
2267702 260 886
2924827 307 773
3787348 81 250
1595621 96 835
3396675 546 690
4282315 397 474
3655209 143 288
669312 468 751
4093967 643 691
4945724 196 212
3343787 9 132
2968682 41 732
951819 388 473
3034634 306 454
2811819 288 722
3509371 602 615
302455 490 605
769065 241 738
3928164 447 967
2750520 347 570
4151575 450 468
1030251 515 705
613636 912 941
214566 605 897
4815687 189 628
665943 16 276
808571 144 695
1943645 49 922
3300411 514 826
421453 189 232
3406352 34 338
3962658 742 755
3543354 37 233
534948 487 636
4505558 270 807
1819636 152 558
488396 338 633
2977032 300 582
528733 61 72
2583016 53 340
1854256 893 933
3248888 239 562
4396706 68 119
849760 481 514
2795077 205 286
1667340 144 213
394400 139 895
4338460 681 928
4246891 416 933
4628080 29 950
2248069 95 796
2830496 198 423
1808086 515 790
2087 155 166
3430528 281 779
2797025 314 608
1276895 750 760
3170568 356 809
2134709 562 881
2817279 722 759
271653 62 746
4394672 290 835
363778 205 274
1541707 695 920
3803381 173 175
3442535 85 864
2869782 111 433
4943 149 376
3316894 338 696
467626 665 938
614824 57 126
3651659 319 432
3541590 860 870
1486595 475 550
33600 633 842
3071396 93 289
2963944 309 433
2782907 358 372
682513 30 665
929367 56 734
5883 798 810
3722959 194 974
947736 524 947
2342249 36 574
1044553 370 549
2787714 646 675
1228444 340 482
1044712 497 747
2002683 580 675
2446855 536 618
446296 489 783
4608413 590 836
4175208 361 526
431911 129 343
681006 45 94
3002521 260 499
1127358 380 649
3738021 295 879
2700473 285 856
174038 171 416
1013933 564 567
1999428 290 348
1771076 110 630
2409414 426 505
2358125 391 601
1293051 258 383
687188 202 647
9330 341 959
3783195 309 487
3177332 191 530
3583451 57 185
4720532 289 888
3442461 62 651
719962 170 190
1408346 86 276
4678216 800 948
4722427 97 673
2314687 72 213
4049202 628 718
4022693 93 126
4221793 181 384
1651647 724 744
774559 101 148
3990601 621 643
2739583 276 515
1433002 117 148
1135268 302 556
2351771 9 791
3064317 247 763
800373 844 969
969766 580 698
3582267 917 938
3062352 671 974
82729 779 935
1410430 67 229
1606557 397 649
4181918 16 562
130347 20 480
4758402 633 919
2158582 304 408
4927624 119 397
1967515 409 439
1961298 224 629
3730703 142 384
2474301 661 845
1820240 280 511
4120314 264 881
605299 237 942
358520 840 860
4106918 566 678
4797040 495 942
3715369 784 816
68995 314 840
312269 135 592
3747355 482 798
4153997 578 973
3869412 575 888
3741731 486 654
4209590 766 868
4211093 3 866
4138270 414 453
2832067 353 403
3312154 950 961
4579317 239 834
2327142 680 769
2616326 52 583
2379222 135 880
2957529 216 427
4432341 204 279
3687560 452 616
3318262 861 892
2910373 660 883
3999497 800 846
1578458 23 849
1013927 93 459
1926967 47 502
491619 738 827
1226953 698 738
552685 476 694
2704543 109 244
360942 117 552
2931796 314 596
4015206 547 688
970628 199 928
2502340 169 953
446778 11 77
4489894 545 686
2457731 165 220
2440764 310 795
4951524 602 775
1456201 314 795
4107167 297 388
3408 44 503
221310 275 520
3702893 607 869
4759626 445 657
2508616 684 755
506815 578 677
1210957 367 863
2192937 348 848
236359 812 918
2857036 82 272
3378466 272 934
4161777 98 98
1020292 11 834
2925337 251 907
1350375 84 904
511117 162 679
1522763 203 317
4089266 153 501
4620918 110 938
408992 552 637
4066353 182 775
4598846 635 715
4456757 22 289
2851038 73 473
168342 322 893
3925191 525 828
4369380 401 561
2190600 20 650
2011477 344 413
1729151 95 391
4421950 277 302
2301800 35 40
1178918 9 52
1683095 226 373
709481 499 604
584084 47 275
285368 51 962
327615 898 899
4992628 566 974
2120361 128 271
2282323 299 624
2083979 77 841
4477956 401 840
4571405 225 332
1649958 284 724
2109537 53 439
2361272 119 245
4936797 294 521
900777 3 865
4589765 96 545
3011148 157 264
3676385 156 192
4223634 482 615
374341 85 963
4027713 530 635
990299 11 438
3696549 215 739
2729848 498 920
695342 172 657
4185297 749 851
2553134 27 940
2167961 336 893
2645072 21 724
2127246 71 670
183444 600 740
26903 245 570
2032112 770 881
4519748 186 654
4313956 411 472
1021056 32 385
3096088 668 816
4880458 545 899
2290820 396 661
5949 509 608
261588 111 846
1860611 426 732
2788805 46 939
2197008 714 947
2402083 246 315
3037816 742 934
2767095 108 910
3342371 164 513
4730963 550 632
820034 580 890
1359098 320 582
681485 259 778
1692439 434 543
3835465 28 308
3074153 344 575
544623 478 810
678346 296 316
2509195 277 632
915781 621 763
3625899 27 490
4654008 150 221
3718273 357 481
3288947 145 317
1370432 499 513
1159036 218 525
2656961 613 665
4413476 169 874
2494453 196 224
3692960 63 880
3924256 754 913
1460544 952 953
592502 25 831
1766540 214 782
589812 48 922
1345775 67 656
4563561 44 567
776948 21 659
4951953 618 903
4846130 506 941
3360648 123 616
1001536 598 656
4586652 41 625
584960 531 802
250395 524 828
2670160 711 850
4641459 17 415
2426517 230 543
4345779 40 88
689531 270 738
1875455 218 227
339915 892 963
308693 527 679
2187184 223 766
440787 227 594
587907 235 710
1778606 431 961
4331369 541 895
4269976 595 723
4128592 241 778
22215 389 703
4771275 207 675
1764536 793 820
3195456 64 165
1945175 337 390
1571772 546 649
4449245 317 369
3648877 297 632
1092734 77 378
1758262 219 527
547323 407 481
51727 556 591
4331846 103 592
4167036 407 890
1275868 89 500
3311908 301 453
428891 684 954
693732 425 511
686508 100 128
1739689 129 975
3130727 146 519
471045 705 903
815044 587 633
300257 686 879
26680 170 360
1121414 581 909
4147951 133 823
416206 74 454
2578955 330 955
4970680 218 649
2694156 333 838
1669674 1 6
3408852 488 848
931656 482 591
3198145 746 909
4956719 174 534
4846492 236 362
957556 264 605
4193276 60 429
3207178 537 708
2029216 622 918
4689224 275 652
3875148 655 953
1420078 95 747
2695221 769 932
3865297 936 976
1706236 329 731
3111699 669 754
1264626 268 803
1301985 109 127
4688101 508 974
970678 342 824
745538 27 472
3653136 397 566
4762538 168 679
2663359 359 884
2907099 545 792
1468824 517 812
2272798 213 814
4616359 356 516
2735049 197 527
3035598 528 555
1253378 318 365
1031995 505 838
3203146 233 523
3660091 656 661
1025652 668 793
3271480 279 708
4342418 147 369
562069 63 260
501127 348 958
675830 425 512
3703987 144 790
398404 505 905
2103862 66 246
485297 399 969
4597400 560 897
1717226 73 950
2975400 617 774
3030547 347 604
731055 123 296
4528741 528 575
942985 550 752
931683 244 777
1859180 121 550
4866797 179 294
3552526 496 558
1177345 134 957
780470 518 835
2379857 616 638
2787163 672 762
4139500 257 792
4349055 227 383
271964 446 761
1799952 125 467
3513919 50 365
4703907 192 798
1443452 442 733
3351850 195 203
3209745 189 413
3040779 280 470
2028331 906 913
1634876 755 822
3454772 326 689
2282117 249 604
3010945 85 168
3363918 133 794
1752138 145 744
4256332 436 512
2774110 159 647
4435786 682 818
4272011 779 828
998211 32 843
4084885 418 890
2137510 194 551
3740378 2